6.223912766179517247e-02
-2.053659518029322228e+00
1.639018567547184113e-01
-2.566449821288554478e+00
4.663465703199351498e-02
5.032836221939433058e-02
-8.512499970726426085e-03
1.650558938501650520e-05
8.599762948775922788e-03
-3.585023724048484045e-02
3.747893112979789471e-02
-8.935073238104683513e-03
-2.859875792188490418e-01
1.472318388652100296e+00
-4.578109518906298050e-04
-2.052952811655537300e-03
-1.809656730275424896e-01
-1.515688128040241361e-02
-1.386476103238556690e-01
9.755472541315053370e-01
-8.490496594700921995e-02
3.564282996366780143e+00
4.173814815381986232e-02
-1.970294416416901173e-02
-6.423291372041350922e-02
1.423687676406665790e-02
9.006693714295405453e-03
-1.291409889395855014e-02
-9.435760355600968444e-03
1.897721072542188012e-02
3.321940501105551391e-01
-1.624820256926363005e+00
3.023515224633115117e-03
-1.054945936731330799e-03
-1.290846061641150178e-01
1.762803240024058138e-01
1.816097994305844732e-01
7.883358392064299114e-01
1.941445159436762102e-01
-2.329270555480465354e+00
1.047213062445484788e-01
-3.758778179330651836e-02
2.308332989080552622e-02
-1.045010025833927568e-02
-3.050881890203541169e-02
2.147618631965532154e-01
-4.618227560797491527e-02
2.496465511809430743e-02
-7.401370759212354267e-02
6.463522475946716916e-01
-3.136620623122411211e-04
8.559436787292588455e-04
2.376724311121894695e-01
-1.368694896263562000e-01
-2.642096938175316767e-01
5.526287940656222641e-01
-4.964416341240602271e-01
2.574488601146010858e+00
-4.415557692885499486e-01
-4.352568115172915086e-01
4.090664050736848578e-01
-1.910282030668607883e-02
4.290832064570321291e-02
-2.358813178837866620e-01
1.012156310684611364e-02
-6.176590647820322938e-02
-5.441841537588956723e-02
-2.133023636626327324e+00
1.868443125328722457e-03
-1.903062689863536808e-03
7.797334069719294436e-02
-2.165609457734931076e-01
-5.425782691741880444e-03
2.388948620645237400e-02
4.648214416597009069e-01
3.258208114421716317e+00
-2.141311350736543329e-01
-2.464809474744743822e-01
2.254546525303047777e-01
1.573571858467641112e-03
-7.979756077946905182e-03
-2.120939097705820675e-02
-5.627992312637675881e-02
-4.466304227507478242e-02
-7.724192112600183902e-03
-5.976768430255215980e-01
4.673078947746331065e-04
3.867357767542574615e-04
-9.753766672497014845e-02
-5.385638511166342818e-02
1.588136075522627588e-01
-4.894507594962752700e-02
-6.800614145943460753e-02
-4.685488599693008460e+00
-2.529226603425735465e-01
-1.671048759536546968e-01
1.791304384495763513e-01
-3.351401422789674484e-02
-3.933995244912295158e-02
4.918340683616877484e-01
4.884224129972832701e-02
8.416571538046778433e-02
5.368952658403266381e-02
1.712741627082984497e+00
1.785938224062089781e-03
-1.736757315609988381e-05
-7.655576576860199933e-02
3.377896248513060362e-01
-6.522320484648007344e-02
-1.345834621702931999e+00
-5.169353056114397438e-01
8.213432361921537694e-01
-2.478640682898412481e-02
-9.797623866627720723e-02
4.670189419393620117e-02
-1.991838264789555155e-02
3.897841964091310757e-02
-5.559781216265182735e-01
1.760689752923746618e-02
-9.363419929494168348e-02
-1.146260135866168373e-01
3.822977381477211667e-01
-2.523234349474832387e-03
-2.519531269249416990e-05
-3.188307409670607800e-02
-4.131825671052804030e-03
-2.668640642767123872e-01
1.135171686587717277e+00
2.481234547742361407e-01
1.493689531160842687e+00
-2.469488522973427858e-01
-4.463146066629856690e-01
3.534814992854488636e-01
-1.390869544066050505e-02
-2.399834230877695429e-03
2.425805755905833389e-02
-4.055445399324556638e-02
8.774692558547184313e-05
1.422453422487901242e-01
-1.760720010601570795e+00
1.193646570103210763e-03
-2.398699356483364759e-03
-3.513138702778370939e-03
-3.164030693214798240e-01
3.239285273922038466e-01
3.918966497920370440e+00
1.241259931415000128e+00
5.970284649005214161e-01
-3.004592062509035544e-01
2.428509641407449252e-02
2.532350803305507547e-01
9.825567339751917206e-02
3.488642569435410762e-02
9.528700605216451347e-01
-7.776520281536393464e-02
5.192934703597974766e-02
1.463742143639280291e-01
-6.607904857551859523e-01
2.735529806738986268e-04
4.379184445252017814e-04
-1.249166098057727103e-01
1.977047803525553427e-01
3.868977984645056156e-01
